[parameters]
im1hd1 = 0 50 24.368655
im1hd2 = 0 50 5.364471
im1hd3 = 0 50 1.112815
im1hd4 = 0 50 0.000000
im1hd5 = 0 50 0.000000
im1hd6 = 0 50 0.599160
im1hd7 = 0 50 1.435381
im1hd8 = 0 50 2.126271
im1hd9 = 0 50 0.800000
im1hd10 = 0 50 0.000000
im1hd11 = 0 50 2.009634
im1hd12 = 0 50 1.000000
im1hd13 = 0 50 0.900000
im1hd14 = 0 50 18.241451
im1hd15 = 0 50 17.824077
im1hd16 = 0 50 2.474315
im1hd17 = 0 50 4.785848
[general]
maxsteps=10
maxsigmasteps=10
mdexec = /home/florian/bin/para_charmm_march2015
mdinp  = /site/raid1/florian/afmm/fm/im1h/10_10_957_95_4/im1h.inp
qmout  = /site/raid1/florian/afmm/fm/im1h/im1h_b3lyp_631+gd.log
qmfactor=0.957
afmmfile=freq_qmmm_v2_dihedrals_39.dat
weighting=none
delta=0.95
npar=4
